Epoch,Train Loss,Train F1,Train Recall,Train Precision,Train Top1 Acc,Val Loss,Val F1,Val Recall,Val Precision,Val Top1 Acc
1,0.2237,0.7582,0.7582,0.7582,0.7582,0.2179,0.7686,0.7630,0.7797,0.7630
2,0.1860,0.7964,0.7965,0.7966,0.7965,0.2476,0.7392,0.7274,0.8096,0.7274
3,0.1680,0.8207,0.8207,0.8209,0.8207,0.3076,0.6717,0.6598,0.7936,0.6598
4,0.1573,0.8307,0.8307,0.8308,0.8307,0.1664,0.8191,0.8166,0.8234,0.8166
5,0.1443,0.8475,0.8475,0.8475,0.8475,0.1777,0.8143,0.8119,0.8182,0.8119
6,0.1431,0.8446,0.8447,0.8449,0.8447,0.2761,0.7066,0.6943,0.8045,0.6943
7,0.1355,0.8546,0.8546,0.8547,0.8546,0.2677,0.7213,0.7092,0.8099,0.7092
8,0.1412,0.8481,0.8481,0.8481,0.8481,0.2129,0.7771,0.7673,0.8271,0.7673
9,0.1208,0.8692,0.8692,0.8693,0.8692,0.1712,0.8200,0.8142,0.8387,0.8142
10,0.1106,0.8825,0.8825,0.8826,0.8825,0.1527,0.8283,0.8316,0.8275,0.8316
11,0.1068,0.8848,0.8848,0.8848,0.8848,0.2443,0.7425,0.7310,0.8213,0.7310
12,0.1453,0.8445,0.8445,0.8445,0.8445,0.1603,0.8270,0.8253,0.8294,0.8253
13,0.1424,0.8430,0.8430,0.8430,0.8430,0.2433,0.7506,0.7394,0.8211,0.7394
14,0.1157,0.8764,0.8764,0.8765,0.8764,0.1396,0.8493,0.8489,0.8498,0.8489
15,0.1287,0.8611,0.8611,0.8611,0.8611,0.1832,0.8078,0.8020,0.8240,0.8020
16,0.1061,0.8860,0.8860,0.8860,0.8860,0.1468,0.8447,0.8429,0.8477,0.8429
17,0.0968,0.8959,0.8959,0.8960,0.8959,0.1464,0.8427,0.8392,0.8513,0.8392
18,0.1114,0.8784,0.8785,0.8786,0.8785,0.2532,0.7278,0.7163,0.8256,0.7163
19,0.1311,0.8617,0.8617,0.8624,0.8617,0.2000,0.7943,0.7856,0.8371,0.7856
20,0.1060,0.8859,0.8859,0.8861,0.8859,0.1816,0.8133,0.8068,0.8365,0.8068
21,0.0931,0.9008,0.9008,0.9009,0.9008,0.1423,0.8470,0.8473,0.8467,0.8473
22,0.0865,0.9083,0.9083,0.9083,0.9083,0.1507,0.8405,0.8374,0.8471,0.8374
23,0.0817,0.9149,0.9150,0.9150,0.9150,0.1839,0.8122,0.8044,0.8493,0.8044
24,0.0717,0.9248,0.9248,0.9248,0.9248,0.1353,0.8581,0.8577,0.8587,0.8577
25,0.0834,0.9129,0.9129,0.9131,0.9129,0.2030,0.7921,0.7832,0.8356,0.7832
26,0.0737,0.9217,0.9217,0.9217,0.9217,0.1516,0.8404,0.8358,0.8547,0.8358
27,0.0706,0.9263,0.9263,0.9263,0.9263,0.1563,0.8379,0.8342,0.8472,0.8342
28,0.0701,0.9262,0.9262,0.9262,0.9262,0.1860,0.8122,0.8047,0.8452,0.8047
29,0.0670,0.9293,0.9293,0.9293,0.9293,0.1387,0.8567,0.8543,0.8618,0.8543
30,0.0602,0.9374,0.9374,0.9374,0.9374,0.2353,0.7647,0.7541,0.8378,0.7541
31,0.0880,0.9078,0.9078,0.9078,0.9078,0.1622,0.8289,0.8234,0.8474,0.8234
32,0.0723,0.9228,0.9228,0.9228,0.9228,0.1900,0.8021,0.7949,0.8275,0.7949
33,0.0739,0.9220,0.9220,0.9220,0.9220,0.1363,0.8562,0.8556,0.8571,0.8556
34,0.0585,0.9390,0.9390,0.9390,0.9390,0.1780,0.8167,0.8093,0.8505,0.8093
35,0.1020,0.8922,0.8922,0.8923,0.8922,0.1553,0.8394,0.8349,0.8532,0.8349
36,0.0700,0.9258,0.9258,0.9258,0.9258,0.1763,0.8187,0.8120,0.8446,0.8120
37,0.0602,0.9373,0.9373,0.9373,0.9373,0.1779,0.8184,0.8114,0.8480,0.8114
38,0.0600,0.9370,0.9370,0.9370,0.9370,0.1730,0.8255,0.8190,0.8524,0.8190
39,0.0502,0.9476,0.9476,0.9476,0.9476,0.1758,0.8244,0.8177,0.8534,0.8177
40,0.0545,0.9421,0.9421,0.9422,0.9421,0.2002,0.7948,0.7860,0.8383,0.7860
41,0.1391,0.8501,0.8502,0.8507,0.8502,0.1778,0.8146,0.8088,0.8321,0.8088
42,0.1693,0.8163,0.8163,0.8164,0.8163,0.1948,0.7921,0.7856,0.8098,0.7856
43,0.1111,0.8805,0.8805,0.8806,0.8805,0.1818,0.8059,0.7991,0.8286,0.7991
44,0.0888,0.9063,0.9063,0.9063,0.9063,0.1702,0.8232,0.8172,0.8439,0.8172
45,0.0741,0.9225,0.9225,0.9225,0.9225,0.1515,0.8413,0.8370,0.8543,0.8370
46,0.0629,0.9338,0.9338,0.9338,0.9338,0.1567,0.8348,0.8299,0.8502,0.8299
47,0.0605,0.9364,0.9364,0.9364,0.9364,0.1491,0.8429,0.8383,0.8575,0.8383
48,0.0520,0.9453,0.9453,0.9454,0.9453,0.1525,0.8436,0.8390,0.8589,0.8390
49,0.0592,0.9373,0.9373,0.9373,0.9373,0.1620,0.8322,0.8272,0.8472,0.8272
50,0.0924,0.9029,0.9029,0.9029,0.9029,0.1535,0.8398,0.8357,0.8515,0.8357
51,0.0613,0.9354,0.9354,0.9354,0.9354,0.1807,0.8179,0.8107,0.8511,0.8107
52,0.0527,0.9456,0.9456,0.9456,0.9456,0.1368,0.8587,0.8568,0.8625,0.8568
53,0.0465,0.9517,0.9517,0.9517,0.9517,0.1609,0.8364,0.8307,0.8586,0.8307
54,0.0435,0.9548,0.9548,0.9548,0.9548,0.1446,0.8511,0.8473,0.8621,0.8473
55,0.0405,0.9580,0.9580,0.9580,0.9580,0.1916,0.8074,0.7992,0.8505,0.7992
56,0.0583,0.9392,0.9392,0.9393,0.9392,0.1672,0.8297,0.8236,0.8537,0.8236
57,0.0455,0.9523,0.9523,0.9523,0.9523,0.1824,0.8187,0.8117,0.8496,0.8117
58,0.0419,0.9565,0.9565,0.9565,0.9565,0.1593,0.8391,0.8337,0.8595,0.8337
59,0.0356,0.9632,0.9632,0.9632,0.9632,0.1373,0.8591,0.8580,0.8609,0.8580
60,0.0461,0.9520,0.9520,0.9520,0.9520,0.1379,0.8577,0.8562,0.8601,0.8562
61,0.0392,0.9590,0.9590,0.9590,0.9590,0.1461,0.8507,0.8470,0.8609,0.8470
62,0.0473,0.9509,0.9509,0.9509,0.9509,0.1759,0.8264,0.8198,0.8553,0.8198
63,0.0383,0.9604,0.9604,0.9605,0.9604,0.1514,0.8456,0.8410,0.8606,0.8410
64,0.0370,0.9615,0.9615,0.9615,0.9615,0.1309,0.8653,0.8628,0.8716,0.8628
65,0.0321,0.9662,0.9662,0.9663,0.9662,0.1383,0.8584,0.8551,0.8676,0.8551
66,0.0380,0.9605,0.9605,0.9605,0.9605,0.1711,0.8296,0.8233,0.8549,0.8233
67,0.0358,0.9620,0.9620,0.9620,0.9620,0.1352,0.8614,0.8580,0.8712,0.8580
68,0.0320,0.9661,0.9661,0.9661,0.9661,0.1515,0.8480,0.8430,0.8675,0.8430
69,0.0293,0.9700,0.9700,0.9700,0.9700,0.1716,0.8287,0.8222,0.8560,0.8222
70,0.0311,0.9679,0.9679,0.9679,0.9679,0.1311,0.8626,0.8602,0.8678,0.8602
71,0.0300,0.9687,0.9687,0.9687,0.9687,0.1929,0.8083,0.8003,0.8464,0.8003
72,0.1010,0.8935,0.8935,0.8938,0.8935,0.1709,0.8213,0.8148,0.8463,0.8148
73,0.0627,0.9337,0.9337,0.9337,0.9337,0.1467,0.8504,0.8479,0.8558,0.8479
74,0.0488,0.9492,0.9492,0.9492,0.9492,0.1521,0.8454,0.8413,0.8570,0.8413
75,0.0399,0.9588,0.9588,0.9588,0.9588,0.1594,0.8394,0.8337,0.8629,0.8337
76,0.0361,0.9628,0.9628,0.9628,0.9628,0.1454,0.8525,0.8496,0.8595,0.8496
77,0.0836,0.9124,0.9124,0.9125,0.9124,0.2061,0.7926,0.7839,0.8322,0.7839
